1741665170002 0.9820153117179871 0
1741665267727 0.9915214776992798 1
1741665369770 0.9933199882507324 2
1741665471912 0.9948101043701172 3
1741665573893 0.9959920048713684 4
1741665676323 0.9969682693481445 5
1741665778163 0.9953239560127258 6
1741665880021 0.9977904558181763 7
1741665981600 0.9966086149215698 8
1741666083331 0.9966599941253662 9
1741666185170 0.997893214225769 10
1741666286666 0.9985098242759705 11
1741666388376 0.9973793625831604 12
1741666489305 0.9986125826835632 13
1741666589246 0.996505856513977 14
1741666688746 0.9966599941253662 15
1741666795790 0.9981501698493958 16
1741666897029 0.9987154006958008 17
1741666995713 0.9978418350219727 18
1741667094045 0.9983043074607849 19
