1741665170002 0.26192814111709595 0
1741665267727 0.059523411095142365 1
1741665369770 0.04677645489573479 2
1741665471912 0.03850600868463516 3
1741665573893 0.03253903612494469 4
1741665676323 0.030687617138028145 5
1741665778163 0.030384935438632965 6
1741665880021 0.020069824531674385 7
1741665981600 0.029400791972875595 8
1741666083331 0.02585870586335659 9
1741666185170 0.017829908058047295 10
1741666286666 0.01253217738121748 11
1741666388376 0.021021995693445206 12
1741666489305 0.012330403551459312 13
1741666589246 0.020916001871228218 14
1741666688746 0.021971672773361206 15
1741666795790 0.01663351245224476 16
1741666897029 0.011091362684965134 17
1741666995713 0.012384584173560143 18
1741667094045 0.015417736954987049 19
