1741661906549 0.9559631943702698 0
1741661951412 0.9968141317367554 1
1741661998730 0.996505856513977 2
1741662045432 0.9980473518371582 3
1741662091261 0.9976876974105835 4
1741662137657 0.9989722967147827 5
1741662183909 0.9990236759185791 6
1741662230440 0.9987667798995972 7
1741662276273 0.9990750551223755 8
1741662322356 0.9970197081565857 9
1741662363538 0.9990750551223755 10
1741662403407 0.9989209175109863 11
1741662447082 0.9985612034797668 12
1741662492580 0.9988181591033936 13
1741662531621 0.9988695383071899 14
1741662570896 0.9976876974105835 15
1741662610047 0.9990750551223755 16
1741662649209 0.9993833899497986 17
1741662688227 0.9995375275611877 18
1741662727277 0.9994861483573914 19
