1741661906549 0.3088698089122772 0
1741661951412 0.04538828879594803 1
1741661998730 0.03698207810521126 2
1741662045432 0.02515541762113571 3
1741662091261 0.022508878260850906 4
1741662137657 0.01554973516613245 5
1741662183909 0.013625242747366428 6
1741662230440 0.013417508453130722 7
1741662276273 0.011174722574651241 8
1741662322356 0.018938098102808 9
1741662363538 0.011307833716273308 10
1741662403407 0.010836964473128319 11
1741662447082 0.011478368192911148 12
1741662492580 0.01073466520756483 13
1741662531621 0.009339549578726292 14
1741662570896 0.015571331605315208 15
1741662610047 0.010026004165410995 16
1741662649209 0.007913651876151562 17
1741662688227 0.0067777265794575214 18
1741662727277 0.006484790705144405 19
