1741658038765 0.9435794949531555 0
1741658076025 0.9917270541191101 1
1741658109928 0.9922922849655151 2
1741658143691 0.9956322908401489 3
1741658177753 0.9962489008903503 4
1741658211756 0.9967113733291626 5
1741658245540 0.9971224665641785 6
1741658279501 0.9951184391975403 7
1741658315709 0.9969682693481445 8
1741658351312 0.9978418350219727 9
1741658386406 0.9986640214920044 10
1741658420922 0.9981501698493958 11
1741658455120 0.9985098242759705 12
1741658489085 0.9982529282569885 13
1741658522983 0.9975849390029907 14
1741658557003 0.9975849390029907 15
1741658590697 0.9985098242759705 16
1741658628379 0.9992806315422058 17
1741658670001 0.9990236759185791 18
1741658705128 0.9982529282569885 19
