1741658038765 0.18803465366363525 0
1741658076025 0.03183167800307274 1
1741658109928 0.03162030875682831 2
1741658143691 0.01657872088253498 3
1741658177753 0.01290616113692522 4
1741658211756 0.011011640541255474 5
1741658245540 0.010345854796469212 6
1741658279501 0.015958251431584358 7
1741658315709 0.009686818346381187 8
1741658351312 0.006655689794570208 9
1741658386406 0.004325071349740028 10
1741658420922 0.006351465359330177 11
1741658455120 0.004345020279288292 12
1741658489085 0.006024600472301245 13
1741658522983 0.006994531489908695 14
1741658557003 0.00665701599791646 15
1741658590697 0.004942417610436678 16
1741658628379 0.0023836507461965084 17
1741658670001 0.0032359822653234005 18
1741658705128 0.005547326523810625 19
