1741659941540 0.9609988927841187 0
1741659975084 0.9969168901443481 1
1741660008693 0.9970197081565857 2
1741660051894 0.9979959726333618 3
1741660091273 0.9981501698493958 4
1741660128374 0.9989209175109863 5
1741660172655 0.9976876974105835 6
1741660212453 0.9990750551223755 7
1741660246062 0.9976363182067871 8
1741660279791 0.9982015490531921 9
1741660322138 0.9983043074607849 10
1741660364053 0.9993320107460022 11
1741660397871 0.9992292523384094 12
1741660431469 0.9991264343261719 13
1741660465503 0.9992806315422058 14
1741660499233 0.9988695383071899 15
1741660533029 0.9986125826835632 16
1741660566781 0.9981501698493958 17
1741660600577 0.999434769153595 18
1741660634430 0.9995375275611877 19
