1741659941540 0.1408064216375351 0
1741659975084 0.013641788624227047 1
1741660008693 0.010596375912427902 2
1741660051894 0.008451799862086773 3
1741660091273 0.006716402713209391 4
1741660128374 0.0032382356002926826 5
1741660172655 0.008275967091321945 6
1741660212453 0.003972419071942568 7
1741660246062 0.00809631310403347 8
1741660279791 0.006352519616484642 9
1741660322138 0.004490275867283344 10
1741660364053 0.0021378525998443365 11
1741660397871 0.0020648795180022717 12
1741660431469 0.002012241631746292 13
1741660465503 0.002192014129832387 14
1741660499233 0.0031460083555430174 15
1741660533029 0.004430138505995274 16
1741660566781 0.005263968836516142 17
1741660600577 0.0015908883651718497 18
1741660634430 0.0014429386937990785 19
