1741663554620 0.9634653925895691 0
1741663614670 0.9912645816802979 1
1741663673698 0.9922409057617188 2
1741663731927 0.9928061366081238 3
1741663790213 0.9949643015861511 4
1741663848276 0.9950156807899475 5
1741663906355 0.9954781532287598 6
1741663964472 0.9954267740249634 7
1741664022765 0.9947073459625244 8
1741664081077 0.9957350492477417 9
1741664139220 0.9964030385017395 10
1741664197490 0.997327983379364 11
1741664255464 0.9954781532287598 12
1741664312947 0.9979445934295654 13
1741664370541 0.9979445934295654 14
1741664428907 0.9959920048713684 15
1741664486719 0.9975849390029907 16
1741664544275 0.9982015490531921 17
1741664601760 0.9974307417869568 18
1741664659242 0.9972766041755676 19
