1741663554620 0.4595748484134674 0
1741663614670 0.10381726175546646 1
1741663673698 0.06774742156267166 2
1741663731927 0.056754905730485916 3
1741663790213 0.041766565293073654 4
1741663848276 0.03662753477692604 5
1741663906355 0.0346042774617672 6
1741663964472 0.03225793316960335 7
1741664022765 0.03709781914949417 8
1741664081077 0.03265080600976944 9
1741664139220 0.02686820924282074 10
1741664197490 0.021595627069473267 11
1741664255464 0.029954731464385986 12
1741664312947 0.018539300188422203 13
1741664370541 0.01607787050306797 14
1741664428907 0.026163488626480103 15
1741664486719 0.020077893510460854 16
1741664544275 0.013446602039039135 17
1741664601760 0.020810533314943314 18
1741664659242 0.022514598444104195 19
