1741667402240 0.9811417460441589 0
1741667492899 0.9966086149215698 1
1741667583444 0.9957350492477417 2
1741667674538 0.9947587251663208 3
1741667765586 0.9980473518371582 4
1741667856926 0.9967113733291626 5
1741667948032 0.9958891868591309 6
1741668038734 0.9958891868591309 7
1741668129659 0.9977390766143799 8
1741668220427 0.9983043074607849 9
1741668311166 0.9974307417869568 10
1741668401810 0.9978418350219727 11
1741668492996 0.9987667798995972 12
1741668589283 0.9960947632789612 13
1741668685696 0.9984584450721741 14
1741668783555 0.9978418350219727 15
