1741667402240 0.32261592149734497 0
1741667492899 0.03849486634135246 1
1741667583444 0.03297579288482666 2
1741667674538 0.04283682256937027 3
1741667765586 0.023758575320243835 4
1741667856926 0.024091603234410286 5
1741667948032 0.03269524872303009 6
1741668038734 0.03473101556301117 7
1741668129659 0.017463233321905136 8
1741668220427 0.01657942868769169 9
1741668311166 0.018327459692955017 10
1741668401810 0.016748178750276566 11
1741668492996 0.010492177680134773 12
1741668589283 0.024390997365117073 13
1741668685696 0.01327193807810545 14
1741668783555 0.016330670565366745 15
