1741669038857 0.832588255405426 0
1741669072167 0.9540619850158691 1
1741669106399 0.9673706293106079 2
1741669143264 0.9767226576805115 3
1741669176877 0.9811417460441589 4
1741669210596 0.9848928451538086 5
1741669244343 0.9882842898368835 6
1741669278452 0.9907507300376892 7
1741669312832 0.9902368783950806 8
1741669346946 0.9912645816802979 9
1741669381044 0.9927547574043274 10
1741669415300 0.9950670599937439 11
1741669449525 0.9896716475486755 12
1741669483684 0.992138147354126 13
1741669517657 0.9953239560127258 14
1741669551753 0.9956322908401489 15
1741669591248 0.9962489008903503 16
1741669635060 0.9962489008903503 17
1741669669340 0.996762752532959 18
1741669703355 0.9969682693481445 19
