1741669038857 0.6867307424545288 0
1741669072167 0.2071843147277832 1
1741669106399 0.1470416635274887 2
1741669143264 0.1124267652630806 3
1741669176877 0.08989546447992325 4
1741669210596 0.07559838145971298 5
1741669244343 0.06082361564040184 6
1741669278452 0.05226750671863556 7
1741669312832 0.0493604876101017 8
1741669346946 0.04216483607888222 9
1741669381044 0.039371877908706665 10
1741669415300 0.031813766807317734 11
1741669449525 0.05057521536946297 12
1741669483684 0.043410882353782654 13
1741669517657 0.028050042688846588 14
1741669551753 0.024291671812534332 15
1741669591248 0.02298240177333355 16
1741669635060 0.02293390780687332 17
1741669669340 0.02229613997042179 18
1741669703355 0.01945679262280464 19
